{
 "cells": [
  {
   "cell_type": "code",
   "execution_count": 1,
   "id": "1fc640dd-0103-48a7-a191-7bee4b3e6e1a",
   "metadata": {},
   "outputs": [
    {
     "name": "stdout",
     "output_type": "stream",
     "text": [
      "Type: <class 'numpy.ndarray'>\n",
      "Shape: (17, 17)\n",
      "[[1.         0.67732195 0.43581319 0.34407676 0.22522006]\n",
      " [0.67732195 1.         0.77211461 0.60284911 0.40308797]\n",
      " [0.43581319 0.77211461 1.         0.8020787  0.52187703]\n",
      " [0.34407676 0.60284911 0.8020787  1.         0.68242465]\n",
      " [0.22522006 0.40308797 0.52187703 0.68242465 1.        ]]\n"
     ]
    }
   ],
   "source": [
    "import numpy as np\n",
    "\n",
    "# Load the file\n",
    "FCD = np.load(\"sub-0001_0.04_1.89_0.005_FCD.txt.npy\")\n",
    "\n",
    "# Check the shape and type\n",
    "print(\"Type:\", type(FCD))\n",
    "print(\"Shape:\", FCD.shape)\n",
    "\n",
    "# Optionally, print a small part of the array\n",
    "print(FCD[:5, :5])  # prints the first 5x5 block"
   ]
  },
  {
   "cell_type": "code",
   "execution_count": 2,
   "id": "253a8884-e875-4d86-a98d-903e294816be",
   "metadata": {},
   "outputs": [
    {
     "name": "stdout",
     "output_type": "stream",
     "text": [
      "Type: <class 'numpy.ndarray'>\n",
      "Shape: (17, 17)\n",
      "[[1.         0.57915072 0.38893262 0.29863192 0.20743542]\n",
      " [0.57915072 1.         0.77939669 0.66969545 0.56125433]\n",
      " [0.38893262 0.77939669 1.         0.86298238 0.73977883]\n",
      " [0.29863192 0.66969545 0.86298238 1.         0.88238033]\n",
      " [0.20743542 0.56125433 0.73977883 0.88238033 1.        ]]\n"
     ]
    }
   ],
   "source": [
    "import numpy as np\n",
    "\n",
    "# Load the file\n",
    "FCD = np.load(\"sub-0001_0.04_2.2115076488_0.005_FCD.txt.npy\")\n",
    "\n",
    "# Check the shape and type\n",
    "print(\"Type:\", type(FCD))\n",
    "print(\"Shape:\", FCD.shape)\n",
    "\n",
    "# Optionally, print a small part of the array\n",
    "print(FCD[:5, :5])  # prints the first 5x5 block"
   ]
  },
  {
   "cell_type": "code",
   "execution_count": null,
   "id": "0b1915a5-e9ae-46d2-968a-005e9edc909d",
   "metadata": {},
   "outputs": [],
   "source": []
  }
 ],
 "metadata": {
  "kernelspec": {
   "display_name": "Python (vbi-py311)",
   "language": "python",
   "name": "vbi-py311"
  },
  "language_info": {
   "codemirror_mode": {
    "name": "ipython",
    "version": 3
   },
   "file_extension": ".py",
   "mimetype": "text/x-python",
   "name": "python",
   "nbconvert_exporter": "python",
   "pygments_lexer": "ipython3",
   "version": "3.11.5"
  }
 },
 "nbformat": 4,
 "nbformat_minor": 5
}
